c0,c1,c2,c3
"X3","X10","X4","X14"