c0,c1,c2,c3
"X0","X6","X2","X3"