c0,c1,c2,c3
"X0","X1","X10","X14"