O,P,Q
o,p,
z,,